-1.017303230777642398e+01
-1.044884283386132751e+01
-1.059781374667397813e+01
-1.059418788061510597e+01
-1.043629865862181916e+01
-1.014649901338295912e+01
-9.767365604982995109e+00
-9.354845473100290576e+00
-8.969466535787072203e+00
-8.667001975032295746e+00
-8.490026532526306013e+00
-8.461630093552827248e+00
-8.582194260552192588e+00
-8.829651613388943332e+00
-9.163112536266584840e+00
-9.529242823132468843e+00
-9.870380683098584740e+00
-1.013314943652733824e+01
-1.027628111939642430e+01
-1.027651600111585850e+01
-1.013175515617792399e+01
-9.861066446785827111e+00
-9.501613008616020650e+00
-9.103017883527266818e+00
-8.720035268257225525e+00
-8.404619495273543350e+00
-8.198540315787717248e+00
-8.127584709117689599e+00
-8.198132441004773341e+00
-8.396535816489189230e+00
-8.691327507143466136e+00
-9.037882894897226294e+00
-9.384830422549452322e+00
-9.681279175823615191e+00
-9.883844705536954933e+00
-9.962509377583936399e+00
-9.904539669854681705e+00
-9.715969691063932601e+00
-9.420505047833293233e+00
-9.056055080151013570e+00
-8.669416167630314973e+00
-8.309863225933614927e+00
-8.022532030568918060e+00
-7.842478711959444126e+00
-7.790188509816314166e+00
-7.869093019819807466e+00
-8.065375343295112742e+00
-8.350034948292517356e+00
-8.682889929727707568e+00
-9.017951563246507263e+00
-9.309444234539281382e+00
-9.517680968707036726e+00
-9.614045379631482646e+00
-9.584465946703742745e+00
-9.430977435956254595e+00
-9.171217794039437265e+00
-8.835973277143178706e+00
-8.465126250868092228e+00
-8.102549564524000658e+00
-7.790606950674953346e+00
-7.564948905726893713e+00
-7.450237425075249220e+00
-7.457300893554328347e+00
-7.582031379995390452e+00
-7.806115743266610174e+00
-8.099467338722783794e+00
-8.424024022237139420e+00
-8.738423909921792188e+00
-9.002979688688611759e+00
-9.184353607178252332e+00
-9.259388106402212770e+00
-9.217662422708739811e+00
-9.062507461133174402e+00
-8.810399047565562469e+00
-8.488840434943934810e+00
-8.133016402013078405e+00
-7.781634367172888034e+00
-7.472448808078246962e+00
-7.237986678324175749e+00
-7.101953298982515150e+00
-7.076707013834367288e+00
-7.162059082376733166e+00
-7.345499237807651127e+00
-7.603785460110705330e+00
-7.905687061485359379e+00
-8.215549232814639780e+00
-8.497266982323942841e+00
-8.718224119803533512e+00
-8.852770242103733978e+00
-8.884871719435111004e+00
-8.809672832605562220e+00
-8.633828206005613737e+00
-8.374603127922570778e+00
-8.057869375746584240e+00
-7.715237027317557228e+00
-7.380646236506917646e+00
-7.086789474707019032e+00
-6.861740906017262276e+00
-6.726136357187058934e+00
-6.691179798653145383e+00
-6.757658732083336339e+00
-6.916042042330642126e+00
-7.147621464644202227e+00
-7.426553419497537334e+00
-7.722571816044724535e+00
-8.004082449504092978e+00
-8.241320752558392471e+00
-8.409258502831928439e+00
-8.489979905202805099e+00
-8.474308538197005802e+00
-8.362546887108070592e+00
-8.164280940385616248e+00
-7.897294331844074478e+00
-7.585720810268882452e+00
-7.257632613268850008e+00
-6.942309672013868393e+00
-6.667456866200353716e+00
-6.456632727574640462e+00
-6.327124522277969731e+00
-6.288455247524534109e+00
-6.341643263432048983e+00
-6.479261730486569171e+00
-6.686269914578791607e+00
-6.941518734071804531e+00
-7.219774804604331742e+00
-7.494065482824683322e+00
-7.738125096778683876e+00
-7.928720847637827696e+00
-8.047655032276860965e+00
-8.083275782755581673e+00
-8.031377532689417009e+00
-7.895429984016373304e+00
-7.686135028816575954e+00
-7.420369439675482681e+00
-7.119622207954154014e+00
-6.808075089004372416e+00
-6.510500298640025107e+00
-6.250158859584498572e+00
-6.046876712745458349e+00
-5.915454638936105347e+00
-5.864534714506491220e+00
-5.896003791036679154e+00
-6.004967264970453300e+00
-6.180278326766642571e+00
-6.405562952102286545e+00
-6.660642660048535113e+00
-6.923228328218991479e+00
-7.170741019143502371e+00
-7.382110711960311100e+00
-7.539410891363251821e+00
-7.629205000699616157e+00
-7.643507877991696731e+00
-7.580298903787422660e+00
-7.443560758808736466e+00
-7.242855350720840413e+00
-6.992483676765409939e+00
-6.710306539617845623e+00
-6.416326050432634709e+00
-6.131142314229936829e+00
-5.874404904359972868e+00
-5.663374738873384828e+00
-5.511699508665429015e+00
-5.428486208348502373e+00
-5.417729380995051081e+00
-5.478125503308444166e+00
-5.603274732443994210e+00
-5.782243189867111610e+00
-6.000434050291571175e+00
-6.240695579989751884e+00
-6.484580140094744038e+00
-6.713660752986358560e+00
-6.910811322104125409e+00
-7.061362695361658837e+00
-7.154058718040861464e+00
-7.181753111344001184e+00
-7.141808047682329352e+00
-7.036177127724930536e+00
-6.871177512719093272e+00
-6.656976716840684816e+00
-6.406837678566716043e+00
-6.136180120430593021e+00
-5.861526097370878041e+00
-5.599402594026629210e+00
-5.365273981821388816e+00
-5.172572344414696488e+00
-5.031884680101889273e+00
-4.950343590148089667e+00
-4.931253236767270565e+00
-4.973966178853396869e+00
-5.074010268498409637e+00
-5.223449170724599355e+00
-5.411446195247438418e+00
-5.624989780663115724e+00
-5.849730723249330744e+00
-6.070876443148280011e+00
-6.274086344770294588e+00
-6.446314544402543589e+00
-6.576551590005611736e+00
-6.656424797502331181e+00
-6.680626854528965097e+00
-6.647153691248142593e+00
-6.557344545657308288e+00
-6.415728924643095965e+00
-6.229696101185425938e+00
-6.009012301397564038e+00
-5.765218349670349518e+00
-5.510945921514019297e+00
-5.259193515840269839e+00
-5.022603765066513404e+00
-4.812781858013673641e+00
-4.639690888949545844e+00
-4.511154202984490880e+00
-4.432487698916312446e+00
-4.406277041442830722e+00
-4.432306312335221321e+00
-4.507636274292547540e+00
-4.626822578181260859e+00
-4.782257305267384240e+00
-4.964611519119001670e+00
-5.163352240301958496e+00
-5.367304592283711706e+00
-5.565228847571515480e+00
-5.746382688332815292e+00
-5.901041063968230915e+00
-6.020949388765324706e+00
-6.099690231007766528e+00
-6.132948818033370664e+00
-6.118668316279267216e+00
-6.057091634062609309e+00
-5.950692142473577029e+00
-5.804000947083759243e+00
-5.623342938628663745e+00
-5.416497619332266034e+00
-5.192303510357837659e+00
-4.960226717362102633e+00
-4.729914942632061248e+00
-4.510757913254827223e+00
-4.311473921634673800e+00
-4.139740063782424428e+00
-4.001880960034734258e+00
-3.902627422350265718e+00
-3.844952874881486515e+00
-3.829991526175793748e+00
-3.857038512553470522e+00
-3.923628649893841747e+00
-4.025687192074071774e+00
-4.157743220200703860e+00
-4.313194070217774900e+00
-4.484607609243393966e+00
-4.664048223523053593e+00
-4.843412083300713711e+00
-5.014757574241691884e+00
-5.170617678601652223e+00
-5.304282478841802373e+00
-5.410041752680285754e+00
-5.483379731615046992e+00
-5.521116398930196567e+00
-5.521492101387946327e+00
-5.484194638134578526e+00
-5.410330275380810683e+00
-5.302342231720801990e+00
-5.163882015705490325e+00
-4.999640519099071589e+00
-4.815146937213653722e+00
-4.616544379682412824e+00
-4.410351445168137374e+00
-4.203219071257959349e+00
-4.001691659311744864e+00
-3.811980848165164915e+00
-3.639759414622011580e+00
-3.489981663854953009e+00
-3.366735394871172016e+00
-3.273129142764561461e+00
-3.211216967880635043e+00
-3.181961637090962469e+00
-3.185235674609602885e+00
-3.219858493838476221e+00
-3.283666695244226830e+00
-3.373613658075272692e+00
-3.485893787398869570e+00
-3.616086215695029527e+00
-3.759312405170080584e+00
-3.910401950484098332e+00
-4.064060932238633406e+00
-4.215037403845115271e+00
-4.358278987817105765e+00
-4.489078087778346493e+00
-4.603200862536677818e+00
-4.696996829877945423e+00
-4.767486741270158035e+00
-4.812427165984475508e+00
-4.830351017246179879e+00
-4.820584019167259981e+00
-4.783237829478389713e+00
-4.719181180891570904e+00
-4.629990968345894409e+00
-4.517885679284503908e+00
-4.385643932180643745e+00
-4.236511151205782255e+00
-4.074097562162729780e+00
-3.902270749753939061e+00
-3.725045974914170888e+00
-3.546477321700879148e+00
-3.370552536427215085e+00
-3.201094149109473097e+00
-3.041669141611060834e+00
-2.895509061321178468e+00
-2.765442087086491973e+00
-2.653838148354399351e+00
-2.562567791332862388e+00
-2.492975088684250551e+00
-2.445864511887312354e+00
-2.421501336560382356e+00
-2.419624837859488675e+00
-2.439473261084559752e+00
-2.479819325789847095e+00
-2.539014842388705340e+00
-2.615042889376188562e+00
-2.705575916405928538e+00
-2.808038101862274427e+00
-2.919670300508269811e+00
-3.037595963613804351e+00
-3.158886496312015790e+00
-3.280624629902015421e+00
-3.399964525166464302e+00
-3.514187481078403952e+00
-3.620752296084608801e+00
-3.717339511145592024e+00
-3.801888949803915452e+00
-3.872630156012815128e+00
-3.928105510994848171e+00
-3.967185982226713037e+00
-3.989079617522881982e+00
-3.993333042454910498e+00
-3.979826347919102947e+00
-3.948761865056459541e+00
-3.900647415998887535e+00
-3.836274700655457615e+00
-3.756693532038535288e+00
-3.663182665974293872e+00
-3.557217986339005655e+00
-3.440438805427257662e+00
-3.314613022168910739e+00
-3.181601850348123595e+00
-3.043324786563394113e+00
-2.901725435313198709e+00
-2.758738748243728889e+00
-2.616260168188402790e+00
-2.476117098044059883e+00
-2.340043041557759551e+00
-2.209654689411784112e+00
-2.086432151120025669e+00
-1.971702462550514623e+00
-1.866626431555246546e+00
-1.772188821225764155e+00
-1.689191812521488423e+00
-1.618251636074797828e+00
-1.559798217320981006e+00
-1.514077640022623683e+00
-1.481157200888864489e+00
-1.460932802318982482e+00
-1.453138411186836843e+00
-1.457357298775435073e+00
-1.473034770121567361e+00
-1.499492089712712195e+00
-1.535941314204217978e+00
-1.581500751060400445e+00
-1.635210774204559181e+00
-1.696049743309674396e+00
-1.762949791690109791e+00
-1.834812268289538917e+00
-1.910522641444410308e+00
-1.988964695405225358e+00
-2.069033874523225514e+00
-2.149649654100836305e+00
-2.229766840747005041e+00
-2.308385728306606932e+00
-2.384561057727720979e+00
-2.457409750321880804e+00
-2.526117403538573392e+00
-2.589943556441685502e+00
-2.648225748412249558e+00
-2.700382409121274030e+00
-2.745914630470027262e+00
-2.784406881970279635e+00
-2.815526739952721513e+00
-2.839023708095371745e+00
-2.854727212126706437e+00
-2.862543855272104310e+00
-2.862454023185200924e+00
-2.854507927858779937e+00
-2.838821179473282275e+00
-2.815569973451335972e+00
-2.784985977283638725e+00
-2.747350998115438259e+00
-2.702991507772263269e+00
-2.652273096993392087e+00
-2.595594925261025310e+00
-2.533384226884763724e+00
-2.466090928039052610e+00
-2.394182423361211676e+00
-2.318138554595366774e+00
-2.238446827698862940e+00
-2.155597898888678365e+00
-2.070081354361163140e+00
-1.982381802925380132e+00
-1.892975295594137464e+00
-1.802326081314578721e+00
-1.710883703520074350e+00
-1.619080438067229899e+00
-1.527329069398747574e+00
-1.436020998450525221e+00
-1.345524672899515828e+00
-1.256184327821983304e+00
-1.168319022689612074e+00
-1.082221958859352684e+00
-9.981600602943792033e-01
-9.163737991679892225e-01
-8.370772472275076481e-01
-7.604583333074985685e-01
-6.866792871561403500e-01
-6.158772497501788790e-01
-5.481650304969971632e-01
-4.836319921318312787e-01
-4.223450446892995647e-01
-3.643497306373312261e-01
-3.096713840853732025e-01
-2.583163478957618553e-01
-2.102732335170038880e-01
-1.655142094015273901e-01
-1.239963049508445714e-01
-8.566271803217817560e-02
-5.044411521817360189e-02
-1.825991500265611300e-02
1.098045467068498038e-02
3.737633217296432164e-02
6.103463783290552502e-02
8.206873506330314427e-02
1.005973416452417002e-01
1.167434949650267839e-01
1.306335741752187030e-01
1.423963814855018217e-01
1.521622840827668854e-01
1.600624175333156263e-01
1.662279509333672856e-01
1.707894135462922902e-01
1.738760821948769353e-01
1.756154282626612995e-01
1.761326227977924042e-01
1.755500979034276821e-01
1.739871623377355903e-01
1.715596690310762229e-01
1.683797320549164089e-01
1.645554904433210730e-01
1.601909161702804729e-01
1.553856635215165038e-01
1.502349570646192012e-01
1.448295154133431017e-01
1.392555079976667831e-01
1.335945420879144918e-01
1.279236773761612267e-01
1.223154654886627335e-01
1.168380118867773931e-01
1.115550577084721273e-01
1.065260792059398165e-01
1.018064025451414500e-01
9.744733184844894813e-02
9.349628848038216145e-02
8.999695969724280653e-02
8.698945490294796024e-02
8.451046787439170371e-02
8.259344343919883258e-02
8.126874720589621903e-02
8.056383706055636473e-02
8.050343525421815860e-02
8.110970001133940843e-02
8.240239569074286896e-02
8.439906062665458730e-02
8.711517186823869441e-02
9.056430612133831159e-02
9.475829627582382786e-02
9.970738297598963351e-02
1.054203607598337838e-01
1.119047183558656150e-01
1.191667727834154478e-01
1.272117969544054317e-01
1.360441405213594912e-01
1.456673437582765018e-01
1.560842442980906186e-01
1.672970765830406603e-01
1.793075639126190945e-01
1.921170029981502936e-01
2.057263409537339049e-01
2.201362446705768250e-01
2.353471625359222774e-01
2.513593784691712796e-01
2.681730582566830279e-01
2.857882881734501446e-01
3.042051058846762523e-01
3.234235236235561417e-01
3.434435436435761546e-01
3.642651659447362911e-01
3.858883882735502091e-01
4.083131983968231182e-01
4.315395586493513957e-01
4.555673827561424472e-01
4.803965049308369650e-01
5.060266412540340708e-01
5.324573433384904853e-01
5.596879442929992843e-01
5.877174970034608759e-01
6.165447047585508322e-01
6.461678442587768245e-01
6.765846810618998397e-01
7.077923775349856950e-01
7.397873934040357646e-01
7.725653790165259993e-01
8.061210614605341940e-01
8.404481237167300556e-01
8.755390770566042757e-01
9.113851269421587853e-01
9.479760327290991384e-01
9.852999615275550571e-01
1.023343336631683531e+00
1.062090680992320069e+00
1.101524456275238872e+00
1.141624898121617049e+00
1.182369848306996873e+00
1.223734584580339568e+00
1.265691649055572299e+00
1.308210676124168748e+00
1.351258220958503564e+00
1.394797589781682889e+00
1.438788673189789868e+00
1.483187783926522396e+00
1.527947500627360622e+00
1.573016519169933014e+00
1.618339513388278306e+00
1.663857007030203672e+00
1.709505258957742191e+00
1.755216163709535593e+00
1.800917169659327799e+00
1.846531217115044310e+00
1.891976698806360435e+00
1.937167445303297653e+00
1.982012737992101759e+00
2.026417352305182273e+00
2.070281633956817746e+00
2.113501610973017364e+00
2.155969144319716868e+00
2.197572119925449208e+00
2.238194684859853734e+00
2.277717530364762766e+00
2.316018224337018427e+00
2.352971595728473808e+00
2.388450173155588718e+00
2.422324679795576863e+00
2.454464586385068259e+00
2.484738723827843110e+00
2.513015956557600461e+00
2.539165917387448346e+00
2.563059804107703066e+00
2.584571237565804758e+00
2.603577180375447053e+00
2.619958914755545987e+00
2.633603077293306782e+00
2.644402747660005382e+00
2.652258587484528363e+00
2.657080024710563482e+00
2.658786477831937223e+00
2.657308613421294652e+00
2.652589629345857958e+00
2.644586555007140127e+00
2.633271558857568806e+00
2.618633252345650586e+00
2.600677978333722606e+00
2.579431070931230696e+00
2.554938072606105059e+00
2.527265893392963036e+00
2.496503896027041591e+00
2.462764889915723288e+00
2.426186016035754456e+00
2.386929504135312907e+00
2.345183283048963396e+00
2.301161424524029719e+00
2.255104400733810355e+00
2.207279135641479151e+00
2.157978830603986875e+00
2.107522545093017285e+00
2.056254514184835180e+00
2.004543185556392881e+00
1.952779960143588234e+00
1.901377622389123889e+00
1.850768448149605172e+00
1.801401980858402530e+00
1.753742469462659548e+00
1.708265964975184570e+00
1.665457076205039577e+00
1.625805389348575991e+00
1.589801560622770893e+00
1.557933095984973315e+00
1.530679837179302005e+00
1.508509178843080001e+00
1.491871047150753693e+00
1.481192676411922093e+00
1.476873226108786463e+00
1.479278286980625579e+00
1.488734330852968357e+00
1.505523164871061637e+00
1.529876456525603778e+00
1.561970401239222372e+00
1.601920609192358569e+00
1.649777292377796023e+00
1.705520836449170297e+00
1.769057844631860110e+00
1.840217742654342237e+00
1.918750034194633747e+00
2.004322295583426339e+00
2.096518996332490836e+00
2.194841228343094919e+00
2.298707421286246610e+00
2.407455114542979224e+00
2.520343847177179075e+00
2.636559216638332703e+00
2.755218144237974620e+00
2.875375370924183382e+00
2.996031190541834199e+00
3.116140409699874603e+00
3.234622503700729901e+00
3.350372916895641318e+00
3.462275433535110469e+00
3.569215521955586112e+00
3.670094531100741797e+00
3.763844594284941003e+00
3.849444071181164162e+00
3.925933335712710193e+00
3.992430695343895053e+00
4.048148206730068033e+00
4.092407134358706955e+00
4.124652783266602007e+00
4.144468424736760248e+00
4.151588025643041746e+00
4.145907488384724005e+00
4.127494109670946543e+00
4.096593973264295308e+00
4.053637004600059157e+00
3.999239434310616126e+00
3.934203443355387630e+00
3.859513794825916388e+00
3.776331296574197971e+00
3.685982984468261670e+00
3.589948968022001807e+00
3.489845937917698926e+00
3.387407397902410633e+00
3.284460750872982615e+00
3.182901439662827237e+00
3.084664415918138225e+00
2.991693284137390219e+00
2.905907540919084653e+00
2.829168400047377574e+00
2.763243760452129827e+00
2.709772934427928881e+00
2.670231805851046580e+00
2.645899130547658018e+00
2.637824721530126482e+00
2.646800278707523990e+00
2.673333624211757353e+00
2.717627089183826339e+00
2.779560764520035754e+00
2.858681275791941534e+00
2.954196670814015491e+00
3.064977917062955193e+00
3.189567395761319535e+00
3.326194650862344560e+00
3.472799505908588102e+00
3.627062501860569554e+00
3.786442437165058905e+00
3.948220610795096785e+00
4.109551183533348251e+00
4.267516886678918375e+00
4.419189125364954229e+00
4.561691350861339700e+00
4.692264417931119702e+00
4.808332504958642062e+00
4.907568061597540776e+00
4.987954166342868589e+00
5.047842629607979248e+00
5.086006170947125149e+00
5.101683035660236065e+00
5.094612498903337894e+00
5.065059836294765638e+00
5.013829519313269145e+00
4.942265620621216549e+00
4.852238686426569636e+00
4.746118646176727296e+00
4.626733678718355058e+00
4.497315331440653097e+00
4.361430586207029059e+00
4.222901973033777345e+00
4.085717238234049198e+00
3.953930465865298061e+00
3.831556916862286055e+00
3.722464175927464591e+00
3.630262468863644898e+00
3.558197219842294423e+00
3.509047047336657954e+00
3.485030438789879170e+00
3.487724289141048928e+00
3.517997331102169056e+00
3.575961222403912565e+00
3.660941687158270064e+00
3.771471638590523145e+00
3.905307645971830333e+00
4.059470460770201683e+00
4.230309600771483325e+00
4.413591224783512956e+00
4.604607736430035736e+00
4.798306758224610391e+00
4.989436343578668165e+00
5.172702573093759248e+00
5.342935041429959675e+00
5.495255210793596135e+00
5.625242213664682467e+00
5.729090455110473101e+00
5.803753314379386019e+00
5.847067391938066905e+00
5.857852101188434801e+00
5.835979966344547520e+00
5.782413754277976992e+00
5.699207525334236024e+00
5.589469814607218368e+00
5.457288421104104614e+00
5.307617649997564691e+00
5.146130278091390231e+00
4.979037944221252232e+00
4.812885049747016808e+00
4.654322532255815936e+00
4.509868990410438094e+00
4.385667533844059385e+00
4.287247357868787745e+00
4.219299354248819078e+00
4.185475031535091262e+00
4.188217608321763485e+00
4.228633350819553272e+00
4.306410058174742872e+00
4.419788077149544137e+00
4.565587391028067543e+00
4.739292231308257719e+00
4.935192375708258083e+00
5.146577906689276283e+00
5.365981806506976426e+00
5.585462460826676079e+00
5.796916039892335171e+00
5.992406929949446237e+00
6.164502998116118349e+00
6.306601580336388402e+00
6.413231757716799208e+00
6.480318784134516008e+00
6.505397475468863711e+00
6.487762968040124534e+00
6.428549470395696019e+00
6.330730406688045875e+00
6.199036588875836529e+00
6.039792637295723132e+00
5.860675647958529133e+00
5.670403913268527774e+00
5.478367160312832773e+00
5.294213091378444425e+00
5.127407812122086739e+00
4.986789843707031267e+00
4.880138688357253507e+00
4.813779236808261253e+00
4.792242594631643371e+00
4.818002132917579949e+00
4.891300759983224111e+00
5.010081642265705959e+00
5.170030007102839775e+00
5.364728422778295425e+00
5.585922303579635262e+00
5.823886598907479062e+00
6.067878990929272298e+00
6.306659752152269149e+00
6.529054006043926606e+00
6.724528773170090012e+00
6.883755117098843357e+00
6.999125119096209602e+00
7.065194430028640227e+00
7.079023812595198528e+00
7.040397348567060121e+00
6.951900702642045182e+00
6.818849773617957410e+00
6.649067906605157674e+00
6.452518195871441264e+00
6.240805830237731833e+00
6.026573442121441637e+00
5.822819530434267143e+00
5.642175770686445269e+00
5.496182987268815268e+00
5.394607406294642971e+00
5.344838300743848691e+00
5.351405177503069766e+00
5.415647274569748149e+00
5.535560522106512948e+00
5.705837607749624674e+00
5.918105847421917254e+00
6.161355789083973633e+00
6.422541549022970919e+00
6.687322531649218860e+00
6.940906157104933527e+00
7.168943221667810839e+00
7.358422163934036142e+00
7.498506293619084495e+00
7.581259275745246384e+00
7.602208962404461090e+00
7.560707912490697069e+00
7.460060288217924551e+00
7.307398690851267808e+00
7.113310118686058559e+00
6.891226655381854194e+00
6.656612672362179239e+00
6.425995154266090914e+00
6.215896156032165720e+00
6.041735400193806171e+00
5.916775825228013375e+00
5.851184945310659913e+00
5.851279921689034325e+00
5.919014355032221175e+00
6.051750417751466493e+00
6.242341831049044387e+00
6.479532440206861033e+00
6.748653093138511139e+00
7.032577693283550424e+00
7.312879263021769383e+00
7.571110163486260092e+00
7.790118660949418405e+00
7.955307930124998705e+00
8.055744092478427376e+00
8.085027305165008116e+00
8.041854044888115283e+00
7.930218854720201271e+00
7.759228729273651481e+00
7.542531359443724881e+00
7.297387663281066139e+00
7.043447214135902357e+00
6.801310117028378954e+00
6.590978483112984065e+00
6.430313115065134255e+00
6.333615010126488087e+00
6.310446075962258483e+00
6.364788993294382635e+00
6.494623142670786997e+00
6.691963362113774849e+00
6.943373094970619164e+00
7.230925825935170970e+00
7.533551534145674466e+00
7.828671282131962172e+00
8.093995947507643507e+00
8.309347049343870140e+00
8.458350563317681647e+00
8.529859679887904278e+00
8.518979795498326624e+00
8.427597761729009207e+00
8.264355654930007233e+00
8.044054255914517171e+00
7.786519505590209000e+00
7.515012426680467428e+00
7.254305234999180563e+00
7.028579685898129092e+00
6.859324770738375321e+00
6.763417262105374306e+00
6.751559052079254997e+00
6.827219842598020172e+00
6.986194067277097020e+00
7.216829858176283530e+00
7.500929512170325886e+00
7.815260230430718380e+00
8.133556341003284729e+00
8.428845200536336790e+00
8.675893424668595699e+00
8.853551931763153249e+00
8.946779987710703708e+00
8.948150752997303670e+00
8.858682587740668524e+00
8.687898489154992632e+00
8.453085723381516203e+00
8.177802822166572838e+00
7.889754665206580420e+00
7.618221183671430197e+00
7.391274615169931117e+00
7.233048708487521239e+00
7.161327097438628719e+00
7.185695770472873001e+00
7.306457212883795904e+00
7.514435003197374563e+00
7.791713346291716746e+00
8.113264019791127879e+00
8.449322456378354218e+00
8.768294451271728462e+00
9.039913913625325037e+00
9.238337263912667296e+00
9.344856237382893838e+00
9.349939718889020313e+00
9.254375210098856996e+00
9.069366681449139378e+00
8.815549959689279902e+00
8.520999208918681234e+00
8.218406900529693360e+00
7.941713188393748624e+00
7.722528150350743914e+00
7.586723563790837233e+00
7.551564717001326699e+00
7.623706234372743751e+00
7.798292396712985131e+00
8.059289574232614939e+00
8.381047363781959803e+00
8.730949575151278452e+00
9.072891216565972528e+00
9.371217478909066756e+00
9.594697674380023855e+00
9.720089782962430647e+00
9.734883537854322810e+00
9.638890198552703126e+00
9.444468108838670162e+00
9.175322589784070004e+00
8.863980594983919659e+00
8.548196602093103280e+00
8.266678029511515646e+00
8.054609655983943739e+00
7.939494734448419244e+00
7.937809090794984535e+00
8.052883630058985887e+00
8.274297588588666486e+00
8.578893407395526083e+00
8.933333335120218877e+00
9.297930058674614529e+00
9.631321694170829062e+00
9.895446097482087922e+00
1.006021662396319094e+01
1.010732013248230921e+01
1.003264869187070474e+01
9.847030686962686019e+00
9.575128113153677845e+00
9.252591466849626300e+00
8.921784480614579849e+00
8.626580003758361315e+00
8.406860401881584011e+00
8.293411931174135887e+00
8.303872538286436011e+00
8.440276989250921957e+00
8.688553763458717327e+00
9.020086474791531472e+00
9.395188148350371193e+00
9.768083169825601431e+00
1.009278281486304607e+01
1.032910517837839137e+01
1.044804972842192470e+01
1.043579956631883476e+01
1.029578628774940086e+01
1.004849513242474401e+01
9.728982230768083994e+00
9.382383358287425423e+00
9.057973430645185786e+00
8.802548827454586444e+00
8.654018888703877366e+00
8.636089221014662698e+00
8.754793933101684189e+00
8.997399502855063957e+00
9.333888296169266852e+00
9.720875863861532906e+00
1.010747129165533309e+01
1.044230302234965002e+01
1.068074643787410594e+01
1.079133420980122970e+01
1.076041864317124208e+01
1.059437950372545600e+01
1.031900377078181386e+01
9.976061195551812588e+00
9.617506110503098782e+00
9.298092712373332347e+00
9.067444043021275490e+00
8.962723238123381009e+00
9.002998159882855234e+00
9.186169882791981323e+00
9.488978676260774847e+00
9.870156576266930770e+00
1.027632690317285480e+01
1.064982786609053633e+01
1.093732525896732710e+01
1.109792946600673247e+01
1.110957306707329373e+01
1.097263766460734402e+01
1.071021314389260759e+01
1.036487424661942924e+01
9.992394154776764736e+00
9.653300786416840751e+00
9.403541181218020739e+00
9.285691999264773955e+00
9.322106173245941818e+00
9.511117126098632468e+00
9.826967692223576023e+00
